[Observer]
isodate_start_obs = 2021-09-09T05:36:30.056
isodate_mid_obs = 2021-09-09T05:36:43.506
jd_start_obs = 2459466.733681204
jd_mid_obs = 2459466.733836875
sidereal_time_hms = 23h25m25.9071s
sidereal_time_hour = 23.423863078566008
latitude = 43.1928333333
longitude = -81.3156866667
altitude = 329.37
dfn_station_codename = DFNEXT025
location = Elginfield
location_info = YES
gps_lock = Y
tracking = NO

[Camera]
naxis1 = 7380
naxis2 = 4928

