[Observer]
isodate_start_obs = 2021-12-11T18:27:30.056
isodate_mid_obs = 2021-12-11T18:27:43.556
jd_start_obs = 2459560.26909787
jd_mid_obs = 2459560.2692541205
sidereal_time_hms = 8h10m00.3271s
sidereal_time_hour = 8.166757533869468
latitude = -30.9010966667
longitude = 124.884541667
altitude = 195.98
dfn_station_codename = DFNEXT051
location = Kanandah
location_info = YES
gps_lock = Y
tracking = NO

[Camera]
naxis1 = 7380
naxis2 = 4928

