[Observer]
isodate_start_obs = 2021-12-14T03:23:00.056
isodate_mid_obs = 2021-12-14T03:23:13.506
jd_start_obs = 2459562.6409728704
jd_mid_obs = 2459562.6411285414
sidereal_time_hms = 3h33m46.9938s
sidereal_time_hour = 3.5630538271341834
latitude = 44.492585
longitude = -80.3836033333
altitude = 452.58
dfn_station_codename = DFNEXT071
location = CAO_RASC
location_info = YES
gps_lock = Y
tracking = NO

[Camera]
naxis1 = 7380
naxis2 = 4928

