[Observer]
isodate_start_obs = 2021-10-28T06:46:30.056
isodate_mid_obs = 2021-10-28T06:46:43.556
jd_start_obs = 2459515.782292315
jd_mid_obs = 2459515.7824485647
sidereal_time_hms = 1h50m32.183s
sidereal_time_hour = 1.8422730650675962
latitude = 53.3390033333
longitude = -110.884116667
altitude = 622.08
dfn_station_codename = DFNEXT044
location = Vermilion
location_info = YES
gps_lock = Y
tracking = NO

[Camera]
naxis1 = 7380
naxis2 = 4928

